$ANSIBLE_VAULT;1.1;AES256
32386238666437383665663565633763653039356233663965323934623435626530646537636565
3933616465343032633133393562313562383336373236340a623534346463323964313132386630
62333231373539636231343538613965326366663031306166343962633738353631353865653662
3634623336303262330a636434393533313766383564656234306631623062616133643339333763
61336532373031653434303630353930383033376166626233383934396234336337363861633261
65633730643461383330316439666166343939303834626261343665333336326139646438323339
37313262383363613366336464363561336234306666343832623830616230346166343965336134
31306665326135333461373133313335633464393963616365336431376433643535303462363161
34633835323634623361653864623464343864363435393061613766303863366236316438373931
63323132393436343935386363373538353138333361323165303264303762643032383237663163
32666631643165393636323631326435343963383164343139643039393065363366666464663866
36623638626461353362333264343433363765353134383565356130363535663465373738363735
31333865613030383238623738396338653862313763396136383461333931363831363531396663
62323138333766393039623165656232666234626364353834333463336130393139383931656434
64626435613464616334626338646261643737356166616564373632333037386633343962663865
39643835643638313931383166613931353865373538306533376635326561363961323433383231
38396264336439353662383937363661613531323134646363646437303637316661393930336165
34333065623165623339643537346634303536636233666662376561323833633331616430343532
63623932643865366234616435633439333439646231653565363766613031633636646232366236
33316437323531376134656133323632643237346161643035363734333632646531303761626538
37343333333361653235663037656338393266336334366636326439373833643063616638353338
65343462663462363634623766663666626563313232363235376332393336393063383134346465
37616531333133643661333830376262626131643131346237336438383861343731343162366437
64383230316534316533306662646138663935323362346263303436306332363664326331363739
34336666313235393465303563636564336565343961366238323163326334653166646466646532
65376537343363326630653462653464306330626136376266393936343934666661646266643961
36333839643932333962646562333163333866303062663435656165383064656665393030663436
38636263336134633239303261303036646464313632396366636635643065623164343530356139
33643731663734633937363738303532323066613832376630363938643864623562303435626264
63643966376533643939313261643239353138643164363162613365613266663632656531393137
62626133393833633865376336663036616639656231363137623339326463376136333238396435
35656534643433646630363863323134646238646562313132613232613336373536333166316232
32373831636634303339393731386163613461613335393765306536323035393065306361306337
30323061393365643164363433316335656561363339333163656131373738653663353837333533
65356339323536306265353931353461363038383762613631633864636666623333346665616366
38353438323737303664376235303133336435656430633966666165373662616339633662323538
35313837333538646438303335653461373531653661313933323532363435346463333835343038
62336463393262383036613334356461316561353732626663356538366232653635306231343336
31316662636338643838666366343361663337623965653363623066303337636534616665343330
61303766623537383261373433666261313465333938626561646661336433386361326465336635
30363762353232386233653536353465663731663236343361306161626235386633373431356565
34356431653332343838616234366438643431306364356133663264303462626561646438663739
63303031653638316232646364376263616130393463323663306666323462626633366634393831
30646564383437613866656563303534356436326365653930646430303165356164363461353563
6331
